-0.88999784 -0.45528537 -0.01310118 -0.02115225 1.17672122 -0.32530084  0.00434063 1.0 58
 1.54491849e-04 -1.00153338e-04  1.11493499e-07  9.99999940e-01 0.66154021 -0.06397104  0.12729928 1.0 59
 3.58052701e-01  9.33701277e-01 -2.65793671e-04  5.97277831e-05 0.79697639 0.49984097 0.05234259 1.0 56
 0.92757821 -0.37146845  0.02238811  0.0332943 0.73821759 0.42058939 0.05186114 1.0 38
-0.06009629 -0.05709137  0.00135625  0.99655765 0.77247053 -0.45729169  0.09094208 1.0 39
 5.82309622e-05 -1.44690755e-04 -2.65565774e-07  9.99999940e-01 0.57293195 0.48793352 0.12774329 1.0 61
-6.57069249e-05  1.10199820e-04  5.75136626e-04  9.99999821e-01 0.34422621 0.52548891 0.25859201 1.0 30
 1.17570441e-03 -2.11651670e-03 -3.40562315e-06  9.99997079e-01 0.65322453 0.30652824 0.07272479 1.0 26
-1.06022134e-02  1.08459471e-02  2.34897425e-06  9.99884903e-01 0.49777931 0.07571326 0.12411308 1.0 11
-7.47403901e-05  5.25125954e-03 -8.94213154e-05  9.99986112e-01 0.85860288 0.21167679 0.09534921 1.0 74
1.30363762e-01 9.91466045e-01 4.41789249e-04 3.10152798e-04 0.87760985 0.52591658 0.05220298 1.0 53
